0.6451520859263837
0.8864426878280938
0.2412036964669824
0.1894105570390821
0.2444691997952759
0.6866852296516299
0.2967816963791847
0.3319422975182533
0.5727667110040784
0.6784809003584087
0.6834456478245556
0.1856181295588613
0.4949751775711775
0.8391124266199768
0.09822467109188437
0.7919972348026931
0.4992631855420768
0.5518928193487227
0.2856679698452353
0.5607655658386648
0.1011725934222341
0.3631542306393385
0.2916646720841527
0.8529757759533823
0.8939350359141827
0.6880048308521509
0.9586872956715524
0.8292649989016354
0.02107725339010358
0.1021671514026821
0.2526521878316998
0.5118166413158178
0.7562041026540101
0.5670023243874311
0.7366629336029291
0.6877404781989753
0.2943564187735319
0.9111030758358538
0.577311784029007
0.941822521854192
0.2689766082912683
0.2081494643352926
0.3343562451191247
0.1159864091314375
0.5108772069215775
0.9875101996585727
0.7942840163595974
0.617578215431422
0.5893529048189521
0.6181249995715916
0.6455035763792694
0.7623597281053662
0.1771772690117359
0.7543604900129139
0.4454459780827165
0.007026550360023975
0.9553967569954693
0.3172533479519188
0.03260410949587822
0.4973164396360517
0.7511433325707912
0.1826612656004727
0.3346308744512498
0.02197484578937292
0.5806086235679686
0.7375182718969882
0.8258575149811804
0.6050317683257163
0.9987623854540288
0.5802658442407846
0.7977325115352869
0.8660268713720143
0.6544417883269489
0.9544293195940554
0.1384204714559019
0.2451718999072909
0.3058474455028772
0.1769881672225893
0.02479966217651963
0.02179648587480187
0.1512013478204608
0.3021482727490366
0.6801663539372385
0.1965461620129645
0.7680103513412178
0.2433119080960751
0.7273086672648787
0.3016062020324171
0.920735992025584
0.01203307369723916
0.6628323756158352
0.5189357893541455
0.3440689332783222
0.4787333817221224
0.3937096116133034
0.9734210358001292
0.3146940628066659
0.6336088781245053
0.9287004321813583
0.8332356032915413
