0.65160360513255
0.635242598131299
0.8660632176324725
0.6375035517849028
0.7986318506300449
0.959728414658457
0.1031954134814441
0.1706434837542474
0.675489129498601
0.4712332366034389
0.4783201082609594
0.4375655702315271
0.6974967145361006
0.9730501207523048
0.1234141108579934
0.1438725055195391
0.2946923631243408
0.4698940012603998
0.6218268913216889
0.4063138742931187
0.1336694890633225
0.7679459736682475
0.9916936024092138
0.6216175276786089
0.8252999628894031
0.6579968063160777
0.3716861759312451
0.8968396671116352
0.4898942979052663
0.4971069246530533
0.5651474134065211
0.6537785595282912
0.1291902763769031
0.8843666180036962
0.4125501904636621
0.05637963814660907
0.1753753465600312
0.2494792807847261
0.3289663139730692
0.4596056141890585
0.04485341021791101
0.8856592271476984
0.6863529779948294
0.752279476262629
0.3647562516853213
0.3976167836226523
0.5683572725392878
0.1221436806954443
0.0185904623940587
0.393357902765274
0.5332579361274838
0.4124051062390208
0.1448703682981431
0.1781484908424318
0.001906953752040863
0.7135387221351266
0.2543275086209178
0.6768133584409952
0.1057220273651183
0.1843503015115857
0.5338451247662306
0.9218512191437185
0.3979486245661974
0.3815328581258655
0.08215739391744137
0.4856206504628062
0.1573622627183795
0.2610132107511163
0.6221213201060891
0.3932062238454819
0.4247181541286409
0.3774256012402475
0.6686106799170375
0.001456397119909525
0.4868171899579465
0.111152165569365
0.5537746637128294
0.07114752056077123
0.3484955369494855
0.8522253702394664
0.9146199920214713
0.8494421998038888
0.4057675222866237
0.6500551169738173
0.7726988587528467
0.4727065456099808
0.809249326121062
0.5884704296477139
0.6409228756092489
0.1659310590475798
0.1016993741504848
0.301975151989609
0.5675292336381972
0.811305723618716
0.8521059923805296
0.8530305670574307
0.1789202289655805
0.5423819306306541
0.4113366701640189
0.3200908303260803
