0.6580551243387163
0.384042507968843
0.4909227383323014
0.08559654606506228
0.3527945014648139
0.2327715991996229
0.9096091310493648
0.009344670455902815
0.7782115479931235
0.263985572848469
0.2731945686973631
0.6895130109041929
0.9000182515010238
0.1069878144189715
0.1486035501584411
0.4957477762363851
0.09012154070660472
0.3878951831720769
0.9579858132638037
0.2518621827475727
0.166166384704411
0.1727377166971564
0.6917225322686136
0.3902592794038355
0.7566648893989623
0.6279887817800045
0.7846850561909378
0.9644143357872963
0.958711342420429
0.8920466974377632
0.8776426389813423
0.7957404772751033
0.5021764496341348
0.2017309120856225
0.08843744732439518
0.4250187980942428
0.05639427434653044
0.5878554857335985
0.08062084391713142
0.9773887060582638
0.8207302126102149
0.5631689894944429
0.03834971040487289
0.3885725433938205
0.2186352959834039
0.8077233675867319
0.3424305287189782
0.626709146425128
0.4478280204348266
0.1685908059589565
0.4210122958756983
0.06245048390701413
0.1125634680502117
0.6019364912062883
0.5583679294213653
0.4200508934445679
0.5532582607120275
0.03637336846441031
0.1788399452343583
0.8713841633871198
0.3165469169616699
0.6610411726869643
0.461266374681145
0.7410908709280193
0.5837061638012528
0.2337230294942856
0.4888670099899173
0.9169946531765163
0.2454802542924881
0.2061466029845178
0.05170379625633359
0.8888243306428194
0.6827795710414648
0.04848347511142492
0.8352139084599912
0.9771324312314391
0.8017018823884428
0.9653068738989532
0.6721914121881127
0.682654254604131
0.6780386362224817
0.396736126858741
0.1313686911016703
0.1035640719346702
0.7773873656988144
0.7021011835895479
0.8911899854429066
0.875334657728672
0.3611097587272525
0.3198290443979204
0.5405663726851344
0.08501451462507248
0.7909895344637334
0.1438780655153096
0.3105023731477559
0.7326400983147323
0.04314639559015632
0.4511549836024642
0.8939729076810181
0.8069460578262806
